Results: 
Mean error for custom model with linear kernel: 0.53171186
Mean error for model with linear kernel: 0.53121011
Mean error for custom model with poly-1 kernel: 0.53171186
Mean error for model with poly-1 kernel: 0.58577779
Mean error for custom model with poly-2 kernel: 0.57655206
Mean error for model with poly-2 kernel: 0.61792219
Mean error for custom model with poly-3 kernel: 1.15539118
Mean error for model with poly-3 kernel: 0.64790407
Mean error for custom model with rbf kernel: 0.64609393
Mean error for model with rbf kernel: 0.58977808

errors
[[0.53171186 0.53171186 0.57655206 1.15539118 0.64609393]
 [0.53121011 0.58577779 0.61792219 0.64790407 0.58977808]]

me_for_classes
[[[1.95272668 2.17604878 2.24279815]
  [1.29322623 1.51886627 1.56079882]
  [0.45416319 0.49052836 0.51082033]
  [0.40882188 0.36050024 0.29871672]
  [0.91858313 0.76303263 0.79442545]
  [1.55463956 1.62497642 1.66843495]]

[[2.39718605 2.72191973 2.54739368]
  [1.48299854 1.66107587 1.7027859 ]
  [0.4821608  0.57750672 0.58742505]
  [0.40699953 0.28462262 0.25491419]
  [1.20907507 1.03356563 1.0052454 ]
  [2.01633781 1.90065039 1.90935085]]

[[2.41919891 2.60487029 2.5164069 ]
  [1.49109138 1.56165037 1.60240178]
  [0.48146599 0.51936165 0.5498347 ]
  [0.43889791 0.36220488 0.31820818]
  [1.32874979 1.2711368  1.19097149]
  [2.20380122 2.16293638 2.17435905]]

[[2.4569562  2.53257914 2.49720734]
  [1.4792002  1.51752717 1.51201505]
  [0.46801658 0.48584174 0.51995645]
  [0.47317626 0.43089329 0.41488797]
  [1.41306775 1.40201441 1.32037964]
  [2.342581   2.31789881 2.34884433]]

[[2.30184264 2.64051328 2.51961829]
  [1.4541084  1.6256718  1.73030635]
  [0.45160922 0.61039452 0.62869101]
  [0.43287242 0.29689113 0.26593123]
  [1.10100014 1.00158279 0.96968907]
  [1.82639436 1.93386537 1.89873166]]]

custom_me_for_classes
[[[1.94342901 2.1690126  2.25253432]
  [1.28803115 1.5174484  1.56808074]
  [0.46135209 0.48753668 0.51362804]
  [0.40561735 0.35946613 0.30203461]
  [0.91507251 0.76097969 0.79090985]
  [1.55274146 1.62935692 1.66922673]]

[[1.943429   2.1690126  2.25253432]
  [1.28803114 1.5174484  1.56808074]
  [0.46135209 0.48753668 0.51362804]
  [0.40561735 0.35946613 0.30203461]
  [0.91507251 0.76097969 0.79090985]
  [1.55274145 1.62935692 1.66922673]]

[[1.93610106 1.97913312 2.15125051]
  [1.30611517 1.42824233 1.42247818]
  [0.46595561 0.51916678 0.52008495]
  [0.54802501 0.37056721 0.33953921]
  [1.1842247  0.84312313 0.83163943]
  [1.57909442 1.69151729 1.61374821]]

[[1.30863565 1.61131161 0.64323823]
  [0.92019094 0.75439619 1.01934382]
  [1.00581387 0.70925255 0.73869033]
  [1.50283874 0.89050232 1.46604042]
  [2.02032874 1.30968119 2.2034141 ]
  [2.54564397 2.01867803 2.71432616]]

[[2.44687257 2.68293436 2.58952581]
  [1.61555346 1.6008116  1.60440919]
  [0.60569975 0.63365454 0.62725446]
  [0.36666393 0.31455062 0.33841339]
  [1.28716123 1.14943458 1.21588225]
  [2.21260026 2.11624315 2.22868736]]]

me_for_classes_mean
[[2.12385787 1.45763044 0.48517063 0.35601295 0.82534707 1.61601698]
 [2.55549982 1.6156201  0.54903085 0.31551211 1.0826287  1.94211302]
 [2.51349203 1.55171451 0.51688744 0.37310366 1.26361936 2.18036555]
 [2.49558089 1.50291414 0.49127159 0.43965251 1.37848727 2.33644138]
 [2.48732473 1.60336218 0.56356492 0.33189826 1.02409067 1.88633046]]

custom_me_for_classes_mean
[[2.12165864 1.45785343 0.4875056  0.35570603 0.82232068 1.61710837]
 [2.12165864 1.45785343 0.4875056  0.35570603 0.82232068 1.61710837]
 [2.02216156 1.38561189 0.50173578 0.41937715 0.95299576 1.62811997]
 [1.1877285  0.89797698 0.81791892 1.28646049 1.84447468 2.42621605]
 [2.57311092 1.60692475 0.62220291 0.33987598 1.21749269 2.18584359]]